   0.9   0.0   0.0   0.0   0.0   0.0   6.6  12.7  16.4  18.5  12.9   7.8
   1.0   0.0   0.0   0.0   0.0   3.1   3.6  13.1  13.9  17.3  12.5   5.3
   2.1   0.0   0.0   0.0   0.0   4.4  10.6  17.1  17.0  17.7  12.9   7.1
   0.0   0.0   0.0   0.0   0.0   0.0   2.9   6.8  15.4  17.7  11.5   5.6
   2.5   0.0   0.0   0.0   0.0   2.4   1.4  12.2  17.7  18.9  12.5   6.4
   0.5   0.0   0.0   0.0   0.0   0.0   3.4  12.1  14.7  18.7  12.3   6.3
   0.0   0.0   0.0   0.0   0.0   0.0   7.3  13.6  16.5  17.9  13.0   7.6
   2.8   0.0   0.0   0.0   0.0   1.2   8.4  15.6  12.1  17.9  13.3   7.1
   3.0   0.1   0.0   0.0   0.0   0.0   6.4  11.9  17.0  18.0  12.3   5.6
   1.4   0.0   0.0   0.0   0.0   2.9  11.4  13.4  14.3  20.0  13.3   6.4
   2.3   0.0   0.0   0.0   0.0   0.5   7.3  12.6  16.5  17.7  12.9   7.7
   3.0   0.0   0.0   0.0   0.0   0.6  10.2  11.5  15.5  19.5  13.0   6.5
   1.7   0.0   0.0   0.0   0.0   3.3  11.0  14.5  14.6  17.7  12.9   6.5
   1.9   0.0   0.0   0.0   0.0   0.0   0.0  11.5  17.7  17.7  13.3   6.8
   0.8   0.0   0.0   0.0   0.0   0.2   6.5  12.8  14.9  18.9  13.8   7.2
   2.0   0.0   0.0   0.0   0.0   0.0   4.0  13.7  15.1  18.1  13.5   6.9
   2.1   0.0   0.0   0.0   0.0   0.0   3.4  12.9  16.5  17.3  12.6   6.6
   0.6   0.0   0.0   0.0   0.0   2.2  11.3  15.2  17.2  18.2  13.4   7.0
   1.9   0.0   0.0   0.0   0.0   0.0   4.4  12.7  17.7  17.7  13.1   6.0
   1.9   0.0   0.0   0.0   0.0   0.0   0.0   9.2  15.4  18.0  11.2   6.8
   0.8   0.0   0.0   0.0   0.0   0.0   0.0   8.7  16.8  17.9  12.9   6.6
   1.7   0.0   0.0   0.0   0.0   0.0   2.9  12.4  14.9  17.1  12.1   7.1
   2.0   0.0   0.0   0.0   0.0   1.2   5.4  11.8  14.0  17.0  13.2   7.8
   1.2   0.0   0.0   0.0   0.0   0.0   7.2  11.0  17.0  18.8  12.7   7.2
   0.0   0.0   0.0   0.0   0.0   0.4   8.8  12.0  15.8  17.4  13.0   7.0
   2.3   0.0   0.0   0.0   0.0   0.0  10.2  15.4  15.1  17.2  12.3   8.2
   0.0   0.0   0.0   0.0   0.0   0.6   3.9   8.6  14.3  17.3  12.9   6.9
   1.2   0.0   0.0   0.0   0.0   0.0   8.6  13.0  17.5  18.0  12.0   6.6
   2.8   0.0   0.0   0.0   0.0   0.0   8.3  14.2  15.6  18.0  13.2   5.8
   0.0   0.0   0.0   0.0   0.0   0.0   5.9  11.6  15.7  17.7  12.5   7.1
   0.6   0.0   0.0   0.0   0.0   0.0   2.1  12.9  14.0  17.7  13.2   7.3
   3.3   0.0   0.0   0.0   0.1   1.5   5.6  11.1  13.6  19.5  11.5   6.9
   2.3   0.0   0.0   0.0   0.0   0.0   6.5  14.3  15.0  18.3  11.5   6.9
   2.8   0.0   0.0   0.0   0.0   0.8   4.1  11.3  15.7  16.8  13.2   6.1
   2.5   0.0   0.0   0.0   0.0   1.9   4.7  10.9  16.7  17.0  12.0   5.2
   0.8   0.0   0.0   0.0   0.0   0.4   7.2   7.0  16.9  17.7  12.3   5.8
   0.0   0.0   0.0   0.0   0.0   0.0   0.0   9.2  13.8  16.6  12.9   6.9
   2.8   0.0   0.0   0.0   0.0   2.4  10.2  14.4  16.8  18.3  12.2   0.7
   3.1   0.1   0.0   0.0   0.0   1.5   8.2  12.6  17.9  18.0  13.2   7.1
   3.0   0.0   0.0   0.0   0.0   0.0   6.8  11.6  17.1  18.3  12.1   5.9
   3.0   0.0   0.0   0.0   0.0   0.0   8.4  13.1  16.7  17.8  12.5   6.8
   0.0   0.0   0.0   0.0   0.0   0.0   0.0   8.3  15.7  16.6  12.3   5.9
   0.0   0.0   0.0   0.0   0.0   2.9  10.2  13.4  12.5  17.0  11.7   6.5
   0.1   0.0   0.0   0.0   0.0   0.5   2.6  13.1  14.0  16.5  10.5   6.2
   3.1   0.0   0.0   0.0   0.0   1.5   9.0  13.7  15.5  15.3  12.5   6.4
   3.0   0.0   0.0   0.0   0.0   0.0   0.0  11.0  12.7  17.7  13.2   6.6
   2.8   0.0   0.0   0.0   0.0   0.0   8.3  13.0  16.8  17.7   7.5   6.9
   1.7   0.0   0.0   0.0   0.0   0.0   5.6  14.2  14.0  17.8  13.7   6.8
   0.6   0.0   0.0   0.0   0.0   0.0   7.7  14.9  15.0  18.0  12.6   7.6
   1.4   0.0   0.0   0.0   0.0   0.2   6.5   9.2  15.4  17.2  12.3   6.9
   2.5   0.0   0.0   0.0   0.0   5.0   9.1  15.6  16.1  17.0  12.3   4.4
   0.0   0.0   0.0   0.0   0.0   0.0   6.6  14.8  17.5  17.3  12.3   6.4
   0.0   0.0   0.0   0.0   0.0   0.0   3.4  13.0  16.2  15.7  12.9   7.8
   1.5   0.0   0.0   0.0   0.0   0.0   3.1  13.3  16.6  16.3  10.7   7.4
   0.0   0.0   0.0   0.0   0.0   7.0   9.2  17.8  16.3  17.0   8.5   4.4
   1.6   0.0   0.0   0.0   0.0   5.2  11.8   9.4  16.7  18.0  12.2   4.8
   2.8   0.0   0.0   0.0   0.0   0.0   0.6  12.4  16.4  17.7  12.9   6.3
   3.4   0.0   0.0   0.0   0.0   0.0   4.5  12.7  17.0  16.9  11.8   7.6
   0.0   0.0   0.0   0.0   0.0   0.0   4.9  11.1  14.5  15.4  11.9   6.6
   3.3   0.0   0.0   0.0   0.0   0.0   7.4  13.3  17.8  18.1  12.9   6.5
   0.0   0.0   0.0   0.0   0.0   0.0   0.0  12.1  13.6  16.8  12.2   1.5
   0.0   0.0   0.0   0.0   0.0   0.0   0.0  10.2  15.8  16.4  12.0   5.1
   1.9   0.0   0.0   0.0   0.0   0.8   7.6  14.8  16.1  17.7  12.2   7.6
   0.0   0.0   0.0   0.0   0.0   0.0   7.5  13.5  16.5  17.7  11.9   5.2
   1.8   0.0   0.0   0.0   0.0   0.0   3.6  12.5  16.0  17.0  13.0   4.2
   3.1   0.0   0.0   0.0   0.0   0.0  10.5  15.3  16.8  16.1  12.6   7.4
   1.8   0.0   0.0   0.0   0.0   3.1   7.1  11.5  14.5  18.7  12.5   7.1
   2.6   0.0   0.0   0.0   0.0   0.0   9.5  14.3  15.4  18.3  12.1   1.3
   0.6   0.0   0.0   0.0   0.0   2.8  10.1   7.4  17.3  18.3  12.9   7.6
   3.3   0.0   0.0   0.0   0.0   0.0   6.9  12.7  15.5  18.0  11.8   7.7
   0.3   0.0   0.0   0.0   0.0   0.0   6.2  14.6  15.2  16.6  13.4   7.6
   1.0   0.0   0.0   0.0   0.0   0.0   4.9   9.2  14.0  17.1  12.6   7.1
   1.6   0.0   0.0   0.0   0.0   2.5   7.8   8.8  16.9  17.7  13.2   6.9
   1.6   0.0   0.0   0.0   0.0   0.0   3.8   8.7  13.2  16.4  12.6   6.9
   3.3   0.1   0.0   0.0   0.0   0.0   4.6   7.2  16.6  18.7  13.5   7.1
   0.2   0.0   0.0   0.0   0.0   2.6   9.6  14.5  15.4  17.7  11.5   7.3
   2.0   0.0   0.0   0.0   0.0   0.0   3.9   2.7  13.1  18.0  13.7   6.1
   1.2   0.0   0.0   0.0   0.0   0.0   5.6  11.6  16.2  17.0  11.9   6.9
   3.1   0.0   0.0   0.0   0.0   0.0   6.8  12.2  17.5  17.0  13.1   6.7
   0.0   0.0   0.0   0.0   0.0   0.0   5.8  15.3  17.4  17.3  13.3   6.5
   2.7   0.0   0.0   0.0   0.0   0.1   8.3  12.9  17.1  18.3  13.0   7.7
   3.0   0.0   0.0   0.0   0.0   0.0   1.3  10.5  17.1  19.4  11.0   7.6
   3.4   0.0   0.0   0.0   0.0   1.0   9.3  14.4  16.8  17.7  12.9   6.9
   0.0   0.0   0.0   0.0   0.0   0.0   4.3  10.3  14.3  19.0  13.7   6.7
   2.8   0.0   0.0   0.0   0.0   0.0   0.0   9.6  17.4  19.5  12.9   7.3
   2.6   0.0   0.0   0.0   0.0   3.4   7.9  15.1  17.1  17.8  13.3   6.2
   0.8   0.0   0.0   0.0   0.0   1.7   9.8  15.0  17.6  18.0  13.5   7.7
   2.4   0.0   0.0   0.0   0.0   0.0   8.0  13.2  15.0  19.7  13.6   7.3
   0.0   0.0   0.0   0.0   0.0   0.0   0.6   8.6  14.8  17.1  11.2   6.8
   0.0   0.0   0.0   0.0   0.0   0.0   4.5   8.1   9.2  15.4  12.2   6.9
   0.3   0.0   0.0   0.0   0.0   0.9   4.3  15.2  15.8  17.1  13.4   7.3
   1.5   0.0   0.0   0.0   0.0   1.9   8.4  13.9  15.8  17.9  11.8   4.8
   3.0   0.0   0.0   0.0   0.0   1.4   3.1   3.2   0.6   0.0   0.0   0.0
