CHANNEL DOWNNODE UPNODE DISTANCE 
    1    2    1    8.4  
    2    3    2    8.4  
    3    4    3   13.6  
    4    5    4   13.6  
    5    6    5   11.8  
    6    7    6    9.0  
    7    8    7    8.9  
    8    9    8   11.0  
    9   10    9   14.7  
   10   11   10    9.3  
   11   12   11   12.4  
   12   13   12   11.3  
   13   14   13    3.9  
   14   15   14    4.2  
   15   16   15    4.3  
   16   17   16    2.7  
   17   18   17    2.7  
   18   19   18    4.2  
   19   20   19    3.5  
   20   21   20    4.2  
   21   22   21    6.2  
   22   23   22    6.7  
   23   24   23    3.4  
   24   25   24    6.4  
   25   26   25    4.0  
   26   27   26    3.9  
   27   26   28    5.0  
   28   29   27    5.0  
   29   28   29    3.8  
   30   29   26    6.6  
   31   30   29    6.3  
   32   31   30    6.8  
   33   32   31    3.7  
   34   32   30    6.5  
   35   33   31    8.5  
   36   33   32    5.5  
   37   34   33    5.3  
   38   35   34    5.0  
   39   36   35    5.2  
   40   37   36    7.0  
   41   37   35    5.0  
   42   38   37    8.2  
   43   39   38    4.9  
   44   40   39    4.0  
   45   41   40   12.5  
   46   42   41   12.4  
   47   43   42   13.1  
   48   44   43    9.0  
   49   45   44   17.0  
   50   46   45   17.0  
   51   47   46   15.5  
   52  355   47   15.5  
   53  356   47   19.5  
   54   48    8    4.0  
   55   49   48    4.2  
   56   50   49    4.1  
   57   51   50    4.6  
   58   52   51    4.7  
   59   53   52    2.3  
   60   54   53    4.9  
   61   55   54    6.5  
   62   56   55    4.6  
   63   57   56    2.8  
   64  169   55    2.5  
   65   56  169    3.1  
   66   57  169    2.0  
   67   58   57    1.7  
   68   59   58    6.2  
   69   59   57    6.5  
   70   60   59    4.2  
   71   61   60    5.5  
   72   62   61    4.3  
   73   63   62    4.6  
   74   64   63    4.1  
   75   65   64    4.1  
   76   66   65    5.5  
   77   67   66    6.1  
   78   68   67    4.0  
   79   69   68    3.9  
   80   70   69    5.3  
   81   71   70    3.9  
   82   72   71    2.6  
   83   73   72    3.2  
   84   74   73    3.5  
   85   75   74    3.5  
   86   77   75    4.3  
   88   78   77    5.3  
   89   79   78    4.5  
   90   80   79    4.5  
   91   81   80    4.5  
   92   82   81    4.8  
   94   84   82    3.7  
   95   85   84    4.3  
   96   86   85    4.1  
   97   88   86    2.7  
   98   87   86    2.9  
   99   88   87    3.7  
  100   89   87    3.1  
  101   89   88    4.0  
  102   90   89    4.0  
  103   91   89    2.2  
  104   91   90    3.9  
  105   92   91    3.1  
  106   93   92    3.8  
  107   94   93    3.9  
  108   94   93    5.5  
  109   95   94    2.5  
  110   95   96    3.5  
  111   97   95    4.1  
  112   96   95    3.1  
  113   97   96    2.3  
  114   97   98    4.7  
  115   99   97    3.4  
  116   99   98    4.2  
  117  102   99    8.5  
  118   99  100   12.0  
  119  101  100   12.6  
  120  102  101    6.5  
  121  232  102    5.2  
  122  103  232    6.8  
  123  103  101    7.5  
  124   38  103    7.5  
  125  104   52    4.7  
  126  105  104    8.2  
  127  106  105    5.3  
  128  107  106    8.6  
  129  108  107    6.1  
  130  109  108    7.2  
  131  110  109    5.5  
  132  111  110    5.3  
  133  112  111    7.6  
  134  113  112    7.6  
  135  114  113    3.9  
  136  115  114    3.6  
  137  116  115    3.6  
  138  117  116    6.1  
  139  118  117    3.5  
  140  120  118    5.3  
  141  119  118    3.3  
  142  120  119    5.5  
  143  121  120    3.6  
  144  122  121    3.0  
  145  121  123    4.6  
  146  123  122    3.3  
  147  124  123    4.4  
  148  124  122    5.1  
  149  125  124    4.5  
  150  126  125    5.6  
  151  127  126    5.4  
  152  128  127    4.6  
  153  129  128    4.1  
  154  130  129    3.1  
  155  131  130    3.0  
  156  132  130    3.9  
  157  132  131    3.7  
  158  132  131    3.0  
  159  133  132    5.3  
  160   31  133    8.1  
  161  134  133   10.6  
  162   34  134    5.6  
  163   35  134    5.6  
  164  135  144    4.0  
  165  136  135    4.2  
  166  137  136    3.4  
  167  130  137    4.0  
  168  130  136    5.5  
  169  138   16    8.0  
  170  139  138    6.8  
  171   21  139    5.3  
  172   26  140    4.9  
  173  140  141    5.4  
  174  141  142    4.7  
  175  142  143    5.3  
  176  143  144    4.2  
  177  144  145    4.3  
  178  145  124    6.5  
  179  145  125    4.0  
  180  147  146    9.2  
  181  148  147    6.1  
  182  142  148    4.3  
  183   58  149    4.3  
  184  149  150    6.5  
  185  152  151    4.6  
  186  153  152    4.6  
  187  154  153    3.2  
  188  155  154    3.2  
  189  156  155    3.2  
  190  157  156    3.8  
  191  158  157    3.8  
  192  159  158    3.2  
  193  160  159    3.2  
  194  149  160    2.9  
  196  163  162    9.4  
  197  164  163    7.9  
  198  165  164    7.8  
  199   54  165    7.0  
  201  167  166   10.5  
  202  168  167    6.6  
  203  169  168    6.1  
  204  171  170    6.8  
  205  171   56    4.6  
  206  172  171    6.1  
  207  173  172    2.7  
  208  174  173    4.3  
  209  175  174    3.4  
  210  176  175    3.8  
  211  177  176    4.3  
  212  178  177    6.8  
  213   71  178    5.5  
  214   70  179    4.5  
  216  179  181    8.0  
  217  182   72    5.5  
  218  183  182    4.1  
  219  184  183    2.4  
  220  185  184    3.2  
  221  185  183    2.3  
  222  186  185    3.2  
  223  187  186    3.0  
  224  187  185    2.7  
  225  192  187    2.5  
  226  188  113    3.8  
  227  189  188    5.1  
  228  190  189    3.9  
  229  191  190    3.5  
  230  192  191    5.7  
  231   75  192    4.3  
  233  194  117    4.6  
  234  195  194    4.7  
  235   82  195    4.2  
  236  196   82    3.9  
  237  197  196    4.5  
  238  198  197    5.5  
  239  199  198    4.1  
  240  200  199    4.0  
  241  201  200    5.3  
  242  202  201    4.6  
  243  203  202    5.0  
  244   93  203    5.6  
  245  203  204    4.9  
  246  204  205    5.2  
  247  205  206    5.4  
  248  207  129    3.9  
  249  208  207    7.1  
  250   98  208    7.0  
  251  100  208    3.0  
  252  210  209    4.3  
  253  211  210    5.2  
  254  212  211    4.3  
  255   75  212    4.3  
  257   77  212    3.2  
  258  213  121    4.5  
  259   86  213    3.6  
  261  215  205    7.3  
  262  217  215    6.5  
  263  218  215    4.5  
  264  216  102    8.3  
  265  217  216    3.8  
  266  218  217    4.7  
  267  218  217    4.2  
  268  219  216    6.0  
  269  220  219   14.8  
  270  226  220    6.3  
  271  221  222   11.8  
  272  220  221   12.0  
  273  222  218    4.6  
  274  223  222   12.5  
  275   45  223   17.0  
  276  224  103    7.1  
  277  225  224   10.2  
  278  226  225    7.0  
  279   44  226    9.8  
  280  226   42   12.4  
  281  362  228    8.0  
  307   41  239    8.0  
  308  239  240   18.5  
  309  352  240    9.4  
  310  240   43   11.4  
  311  242  241   17.5  
  312   24  241   10.8  
  313  243  242   13.8  
  314  244  243    9.5  
  315   30  244    7.4  
  316   32  244    3.6  
  317  242  246   15.8  
  318  243  247    5.4  
  319   33  245    9.4  
  320  247  246   14.8  
  321  247  248    7.4  
  322  248  250    7.4  
  323  249  268    6.6  
  324  250  249    6.6  
  325  245  250    9.8  
  326  251  245    7.9  
  327  252  251    8.4  
  328   39  252    8.4  
  329  254  253    4.5  
  330  255  254    4.5  
  331  256  255    2.5  
  332  280  256    6.7  
  333  260  256    3.5  
  334  258  257   11.0  
  335  259  258    6.2  
  336  260  259    6.2  
  337  261  260    8.4  
  338  262  261    8.4  
  339  263  262    6.5  
  340  264  263    6.5  
  341  265  264    6.9  
  342  266  265    6.9  
  343  267  266    6.0  
  344  268  267    6.0  
  345  269  268    9.2  
  346  270  269    9.0  
  347  271  270    9.0  
  348  272  271    9.5  
  349   40  272    9.5  
  350  275  274   11.2  
  351  262  275   10.2  
  352  277  276    9.4  
  353  264  277    8.8  
  354  279  278   11.1  
  355  266  279   12.9  
  356  280  260    4.4  
  357  281  280    4.1  
  358  282  281    4.1  
  359  283  282    6.2  
  360  284  283    6.2  
  361  285  284    8.0  
  362  286  285    8.0  
  363  287  286    6.5  
  364  271  287    6.5  
  365  255  342    4.2  
  366  288  343    6.0  
  367  289  288    5.2  
  368  290  289    5.2  
  369  291  290    7.8  
  370  292  291    7.8  
  371  293  292    7.9  
  372  294  293    7.9  
  373  295  294    8.5  
  374  271  295    8.5  
  375  297  296   14.0  
  376  298  297   12.0  
  377  299  298   11.1  
  378  300  299    9.8  
  379  300  339    3.3  
  380  301  300    8.7  
  381  302  301   10.6  
  382  304  302   12.6  
  383  303  340   12.7  
  384  304  303   10.7  
  385  305  304   10.0  
  386  306  305   14.4  
  387  350  306   14.5  
  388  307  302   11.6  
  389  308  307    9.0  
  390  316  308   18.6  
  391  310  309   20.2  
  392  311  310   24.6  
  393  312  311   16.0  
  394  313  312   20.7  
  395  314  313   16.3  
  396  315  314   23.5  
  397  316  315   15.3  
  398  350  316   20.8  
  399  318  317   17.1  
  400  323  318    6.3  
  401  321  319   25.7  
  402  321  320   14.6  
  403  322  321    6.2  
  404  323  322    2.6  
  405  316  323    4.0  
  406  324  273    8.9  
  407  325  324    7.7  
  408  326  325    7.5  
  409  322  326   14.1  
  410  331  330   13.9  
  411  332  331   18.3  
  412  333  332   13.5  
  413  334  333   15.0  
  414  335  334   17.5  
  415  336  335   12.6  
  416  337  336   17.1  
  417  338  337   13.3  
  418  339  338   16.0  
  419  340  339    8.6  
  420  341  340   14.8  
  421  342  341   13.8  
  422  343  342    3.0  
  423  344  343   12.0  
  424  345  344    7.2  
  425  346  345    7.2  
  426  347  346    9.5  
  427  348  347   10.9  
  428  349  348    9.3  
  429  350  349    9.3  
  430  351  350   14.6  
  431  352  351   13.6  
  432  353  352   19.5  
  433  353  352   14.7  
  434  354  353   17.9  
  435  355  354   14.1  
  436  356  355   14.2  
  437  357  356   20.2  
  438  358  362   12.1  
  439  359  358   12.7  
  440  360  359   14.8  
  441  361  360    4.0  
  442  356  328   10.7  
  443  362  357   10.4  
  444  329  357   12.3  
  445  366  329   15.0  
  446  238  329    3.5  
  447  363  238   10.9  
  448  365  363    8.2  
  449  365  364    5.0  
  450  238  227   10.5  
  451  367  365   15.8  
  452  359  358   12.6  
  453  367  366   15.8  
  454  360  367   12.2  
  458  371  368    7.6  
  459  372  371    5.3  
  460  373  372   12.2  
  461  374  373   10.5  
  462  375  374    9.0  
  463  376  375    7.4  
  464  377  445   10.9  
  465  378  377    6.0  
  466  364  378    4.0  
  467  380  379   13.5  
  468  381  380   14.8  
  469  382  381    9.7  
  470  383  443   11.4  
  471  383  384   14.0  
  472  384  385   14.0  
  473  385  367    1.7  
  474  443  382    4.3  
  475  388  387    6.3  
  476  390  389    9.2  
  477  388  390    4.0  
  478  375  388    4.0  
  479  390  391   10.7  
  480  382  391   13.2  
  481  391  381    2.1  
  482  377  383    1.5  
  483  371  392   13.5  
  484  372  393   15.0  
  485  373  394    6.0  
  486  371  395   28.1  
  488  398  397    7.5  
  489  398  373    3.4  
  490  399  398    8.0  
  491  425  399   10.0  
  492  402  401    8.0  
  494  374  402    5.5  
  495  402  398    6.5  
  497  409  403    7.7  
  498  406  409    9.7  
  499  421  406    6.0  
  502  409  408   14.3  
  503  410  409    9.4  
  505  406  410    3.1  
  506  406  412    6.0  
  509  421  413   11.6  
  511  418  355   11.9  
  513  420  418   30.6  
  515  421  420   12.7  
  516  422  421    9.5  
  517  425  422   14.5  
  522  428  425   24.0  
  523  364  428   10.8  
  527  425  327   15.7  
  528  428  376    3.1  
  530  434  436   15.0  
  531  433  434   15.0  
  532  418  433   12.2  
  535  440  438    7.5  
  537  440  384    3.5  
  538  441  440    4.0  
  539  441  378    1.5  
  542  365  441    4.2  
  543  445  376    4.2  
  544  445  386    5.2  
  549  257  446    2.5  
  550  257  447    2.5  
  551  449  257   11.5  
  552  449  448    9.8  
  553  253  449   10.0  
  555  452  451    5.5  
  556  453  452    7.8  
  557  454  453    8.0  
  558  253  454    3.0  
  559  454  455    5.0  
  560  457  456    6.0  
  561   18  457    6.0  
